(25,2445)
(23,1340)
(29,1150)
(26,1041)
(27,870)
(67,859)
(8,842)
(43,770)
(32,763)
(49,713)
(71,706)
(69,696)
(68,683)
(66,680)
(28,675)
(44,646)
(61,625)
(42,509)
(6,481)
(46,470)
(3,451)
(53,436)
(19,418)
(30,411)
(24,406)
(38,380)
(40,379)
(1,358)
(15,325)
(22,313)
(73,301)
(35,246)
(31,245)
(63,227)
(2,222)
(58,220)
(77,205)
(7,173)
(75,173)
(14,172)
(51,159)
(56,159)
(70,156)
(65,155)
(33,150)
(20,146)
(16,137)
(52,130)
(21,127)
(60,123)
(4,117)
(37,106)
(54,106)
(45,102)
(39,97)
(17,95)
(11,94)
(59,94)
(76,84)
(48,81)
(34,77)
(50,75)
(36,74)
(41,74)
(5,73)
(57,66)
(64,65)
(62,62)
(13,53)
(72,48)
(55,47)
(18,46)
(10,44)
(74,32)
(47,31)
(12,16)
(9,13)