(,178578)
(25,126928)
(23,58807)
(29,50645)
(8,48363)
(67,43336)
(28,38997)
(43,37536)
(26,37332)
(68,36738)
(61,36288)
(27,36182)
(71,35725)
(66,35536)
(49,33824)
(69,32438)
(32,29849)
(24,28363)
(44,26592)
(42,25919)
(3,24971)
(1,23046)
(30,23039)
(22,22523)
(46,22491)
(35,22154)
(19,21832)
(38,20876)
(53,20522)
(6,19109)
(40,16408)
(33,14830)
(15,14542)
(31,13265)
(58,12419)
(73,12298)
(77,11971)
(63,11920)
(7,11701)
(14,10902)
(2,10758)
(16,10619)
(56,10479)
(21,10084)
(65,8590)
(75,8333)
(20,7527)
(70,6896)
(60,6442)
(51,6379)
(37,6367)
(4,6216)
(5,6186)
(39,5348)
(76,5322)
(59,5223)
(41,5049)
(17,4730)
(34,4678)
(54,4594)
(48,4590)
(52,4447)
(45,3792)
(62,3690)
(64,3391)
(50,3305)
(57,3201)
(11,3179)
(13,2696)
(10,2498)
(72,2411)
(36,2354)
(55,1962)
(18,1724)
(74,1633)
(47,1513)
(12,979)
(9,555)
(0,8)
