(25,304612)
(8,162348)
(43,149225)
(23,146327)
(67,139534)
(24,138986)
(28,129553)
(71,129231)
(29,127682)
(68,124969)
(49,120428)
(66,118684)
(69,113052)
(22,110851)
(6,99400)
(61,99052)
(32,96449)
(44,95939)
(19,89440)
(27,85009)
(46,84901)
(26,82112)
(7,79807)
(42,77660)
(53,77173)
(1,76911)
(3,76887)
(30,75555)
(38,65718)
(2,65222)
(15,64314)
(16,56518)
(73,52392)
(35,51176)
(40,50148)
(77,46188)
(58,45539)
(21,45044)
(4,44712)
(14,44406)
(31,44274)
(63,42707)
(70,40501)
(56,38796)
(5,37928)
(33,36365)
(75,36179)
(65,34715)
(17,33466)
(20,30756)
(60,30660)
(41,29486)
(51,28714)
(11,26790)
(39,25491)
(10,25142)
(48,24684)
(76,23764)
(52,22171)
(45,21903)
(59,19933)
(13,19362)
(64,18937)
(54,18912)
(62,17944)
(34,17019)
(72,16718)
(50,16259)
(57,16077)
(37,15833)
(12,14439)
(18,14374)
(55,9946)
(36,9905)
(9,9860)
(74,9654)
(47,6892)
(0,73)
(813,1)
(1812,1)
(,0)