(25,6376)
(43,3296)
(8,3264)
(23,3244)
(67,2995)
(29,2932)
(28,2793)
(71,2630)
(24,2627)
(68,2591)
(32,2566)
(49,2524)
(6,2417)
(44,2353)
(66,2351)
(69,2341)
(26,2102)
(27,2030)
(61,1893)
(46,1864)
(22,1851)
(19,1690)
(42,1576)
(53,1570)
(7,1544)
(30,1508)
(3,1446)
(1,1347)
(15,1251)
(38,1232)
(73,1218)
(2,1209)
(40,1181)
(16,1124)
(31,965)
(77,913)
(63,895)
(58,891)
(35,874)
(70,872)
(14,835)
(21,790)
(75,772)
(51,760)
(4,719)
(56,653)
(65,629)
(41,625)
(76,598)
(60,586)
(33,580)
(20,575)
(5,551)
(17,551)
(39,522)
(45,514)
(48,506)
(52,485)
(54,444)
(11,412)
(62,404)
(10,400)
(59,398)
(34,380)
(57,361)
(64,345)
(50,344)
(72,335)
(13,293)
(37,280)
(36,241)
(55,238)
(74,187)
(18,176)
(47,164)
(12,157)
(9,115)
(,0)
